# input data of model
data <- list(
    # Dev Attribute model - Requirement phase

    # node probability tables of attribute: P(attribute state|Dev=H/M/L)
    # Dimension: row, col
    # row represents attribute states (H/M/L), column represents mu and sigma
    # (1,1) (2,1) (1,2) (2,2) (1,3) (2,3)
    SR_SDP_DevH_npt=structure(.Data=c(0.625, 0.117, 0.325, 0.147, 0.050, 0.032), .Dim=c(2,3)),
    SR_SDP_DevM_npt=structure(.Data=c(0.193, 0.073, 0.643, 0.113, 0.164, 0.103), .Dim=c(2,3)),
    SR_SDP_DevL_npt=structure(.Data=c(0.063, 0.068, 0.303, 0.190, 0.633, 0.178), .Dim=c(2,3)),

    SR_CD_DevH_npt=structure(.Data=c(0.675, 0.129, 0.267, 0.082, 0.058, 0.074), .Dim=c(2,3)),
    SR_CD_DevM_npt=structure(.Data=c(0.221, 0.091, 0.643, 0.113, 0.136, 0.063), .Dim=c(2,3)),
    SR_CD_DevL_npt=structure(.Data=c(0.050, 0.032, 0.292, 0.146, 0.658, 0.153), .Dim=c(2,3)),

    SR_SRS_DevH_npt=structure(.Data=c(0.717, 0.098, 0.242, 0.092, 0.042, 0.038), .Dim=c(2,3)),
    SR_SRS_DevM_npt=structure(.Data=c(0.186, 0.090, 0.657, 0.098, 0.157, 0.079), .Dim=c(2,3)),
    SR_SRS_DevL_npt=structure(.Data=c(0.042, 0.038, 0.275, 0.141, 0.683, 0.133), .Dim=c(2,3)),

    SR_TA_DevH_npt=structure(.Data=c(0.567, 0.175, 0.295, 0.105, 0.138, 0.108), .Dim=c(2,3)),
    SR_TA_DevM_npt=structure(.Data=c(0.143, 0.113, 0.657, 0.098, 0.200, 0.100), .Dim=c(2,3)),
    SR_TA_DevL_npt=structure(.Data=c(0.068, 0.089, 0.223, 0.116, 0.708, 0.150), .Dim=c(2,3)),

    SR_CA_DevH_npt=structure(.Data=c(0.642, 0.215, 0.270, 0.143, 0.088, 0.101), .Dim=c(2,3)),
    SR_CA_DevM_npt=structure(.Data=c(0.179, 0.141, 0.636, 0.138, 0.186, 0.111), .Dim=c(2,3)),
    SR_CA_DevL_npt=structure(.Data=c(0.088, 0.101, 0.295, 0.105, 0.617, 0.169), .Dim=c(2,3)),

    SR_HA_DevH_npt=structure(.Data=c(0.606, 0.188, 0.297, 0.113, 0.097, 0.120), .Dim=c(2,3)),
    SR_HA_DevM_npt=structure(.Data=c(0.176, 0.118, 0.619, 0.157, 0.205, 0.089), .Dim=c(2,3)),
    SR_HA_DevL_npt=structure(.Data=c(0.081, 0.126, 0.289, 0.100, 0.631, 0.181), .Dim=c(2,3)),

    SR_SA_DevH_npt=structure(.Data=c(0.642, 0.146, 0.292, 0.111, 0.067, 0.068), .Dim=c(2,3)),
    SR_SA_DevM_npt=structure(.Data=c(0.186, 0.135, 0.636, 0.125, 0.179, 0.070), .Dim=c(2,3)),
    SR_SA_DevL_npt=structure(.Data=c(0.063, 0.085, 0.312, 0.130, 0.625, 0.170), .Dim=c(2,3)),

    SR_RA_DevH_npt=structure(.Data=c(0.536, 0.215, 0.303, 0.114, 0.161, 0.149), .Dim=c(2,3)),
    SR_RA_DevM_npt=structure(.Data=c(0.190, 0.151, 0.612, 0.193, 0.198, 0.108), .Dim=c(2,3)),
    SR_RA_DevL_npt=structure(.Data=c(0.119, 0.135, 0.276, 0.122, 0.606, 0.213), .Dim=c(2,3)),

    SR_SQTPG_DevH_npt=structure(.Data=c(0.717, 0.157, 0.258, 0.136, 0.025, 0.027), .Dim=c(2,3)),
    SR_SQTPG_DevM_npt=structure(.Data=c(0.183, 0.107, 0.648, 0.180, 0.169, 0.125), .Dim=c(2,3)),
    SR_SQTPG_DevL_npt=structure(.Data=c(0.058, 0.074, 0.233, 0.103, 0.708, 0.159), .Dim=c(2,3)),

    SR_SATPG_DevH_npt=structure(.Data=c(0.667, 0.129, 0.300, 0.114, 0.033, 0.026), .Dim=c(2,3)),
    SR_SATPG_DevM_npt=structure(.Data=c(0.207, 0.084, 0.657, 0.113, 0.136, 0.085), .Dim=c(2,3)),
    SR_SATPG_DevL_npt=structure(.Data=c(0.063, 0.085, 0.287, 0.096, 0.650, 0.158), .Dim=c(2,3)),

    SR_CM_DevH_npt=structure(.Data=c(0.589, 0.149, 0.297, 0.027, 0.114, 0.127), .Dim=c(2,3)),
    SR_CM_DevM_npt=structure(.Data=c(0.212, 0.086, 0.583, 0.159, 0.205, 0.117), .Dim=c(2,3)),
    SR_CM_DevL_npt=structure(.Data=c(0.139, 0.127, 0.306, 0.014, 0.556, 0.137), .Dim=c(2,3)),

    SR_RaA_DevH_npt=structure(.Data=c(0.589, 0.193, 0.272, 0.085, 0.139, 0.127), .Dim=c(2,3)),
    SR_RaA_DevM_npt=structure(.Data=c(0.226, 0.139, 0.605, 0.198, 0.169, 0.099), .Dim=c(2,3)),
    SR_RaA_DevL_npt=structure(.Data=c(0.132, 0.137, 0.296, 0.122, 0.572, 0.201), .Dim=c(2,3)),

    # state of attribute: 1 -> High, 2 -> Medium, 3 -> Low
    SR_SDP_state=2, SR_CD_state=2, SR_SRS_state=2, SR_TA_state=2, SR_CA_state=3,
    SR_HA_state=2, SR_SA_state=3, SR_RA_state=3, SR_SQTPG_state=2, SR_SATPG_state=2,
    SR_CM_state=2, SR_RaA_state=2,
    generic_SR_SDP_state=2, generic_SR_CD_state=2, generic_SR_SRS_state=2, generic_SR_TA_state=2, generic_SR_CA_state=2, generic_SR_HA_state=2, generic_SR_SA_state=2, generic_SR_RA_state=2, generic_SR_SQTPG_state=2, generic_SR_SATPG_state=2, generic_SR_CM_state=2, generic_SR_RaA_state=2,


    # V&V Attribute model - Requirement phase

    # node probability tables of attribute: P(attribute state|VV=H/M/L)
    # Dimension: row, col
    # row represents attribute states (H/M/L), column represents mu and sigma
    # (1,1) (2,1) (1,2) (2,2) (1,3) (2,3)
    SR_SVVP_VVH_npt=structure(.Data=c(0.750, 0.122, 0.208, 0.102, 0.042, 0.038), .Dim=c(2,3)),
    SR_SVVP_VVM_npt=structure(.Data=c(0.179, 0.057, 0.643, 0.113, 0.179, 0.099), .Dim=c(2,3)),
    SR_SVVP_VVL_npt=structure(.Data=c(0.075, 0.069, 0.242, 0.092, 0.683, 0.133), .Dim=c(2,3)),

    SR_CDE_VVH_npt=structure(.Data=c(0.692, 0.102, 0.267, 0.082, 0.042, 0.020), .Dim=c(2,3)),
    SR_CDE_VVM_npt=structure(.Data=c(0.171, 0.095, 0.671, 0.125, 0.157, 0.053), .Dim=c(2,3)),
    SR_CDE_VVL_npt=structure(.Data=c(0.067, 0.075, 0.208, 0.102, 0.725, 0.157), .Dim=c(2,3)),

    SR_HRAA_VVH_npt=structure(.Data=c(0.733, 0.129, 0.233, 0.103, 0.033, 0.026), .Dim=c(2,3)),
    SR_HRAA_VVM_npt=structure(.Data=c(0.164, 0.085, 0.657, 0.140, 0.179, 0.057), .Dim=c(2,3)),
    SR_HRAA_VVL_npt=structure(.Data=c(0.058, 0.074, 0.233, 0.103, 0.708, 0.159), .Dim=c(2,3)),

    SR_SRE_VVH_npt=structure(.Data=c(0.733, 0.129, 0.233, 0.103, 0.033, 0.026), .Dim=c(2,3)),
    SR_SRE_VVM_npt=structure(.Data=c(0.171, 0.095, 0.671, 0.125, 0.157, 0.053), .Dim=c(2,3)),
    SR_SRE_VVL_npt=structure(.Data=c(0.042, 0.038, 0.208, 0.102, 0.750, 0.122), .Dim=c(2,3)),

    SR_IAVV_VVH_npt=structure(.Data=c(0.692, 0.102, 0.267, 0.082, 0.042, 0.020), .Dim=c(2,3)),
    SR_IAVV_VVM_npt=structure(.Data=c(0.150, 0.087, 0.686, 0.146, 0.164, 0.063), .Dim=c(2,3)),
    SR_IAVV_VVL_npt=structure(.Data=c(0.058, 0.074, 0.233, 0.103, 0.708, 0.159), .Dim=c(2,3)),

    SR_TAVV_VVH_npt=structure(.Data=c(0.692, 0.188, 0.245, 0.116, 0.063, 0.085), .Dim=c(2,3)),
    SR_TAVV_VVM_npt=structure(.Data=c(0.143, 0.098, 0.671, 0.125, 0.186, 0.090), .Dim=c(2,3)),
    SR_TAVV_VVL_npt=structure(.Data=c(0.050, 0.077, 0.200, 0.110, 0.750, 0.173), .Dim=c(2,3)),

    SR_CAVV_VVH_npt=structure(.Data=c(0.642, 0.146, 0.292, 0.111, 0.067, 0.068), .Dim=c(2,3)),
    SR_CAVV_VVM_npt=structure(.Data=c(0.164, 0.099, 0.629, 0.160, 0.207, 0.079), .Dim=c(2,3)),
    SR_CAVV_VVL_npt=structure(.Data=c(0.108, 0.102, 0.233, 0.103, 0.658, 0.196), .Dim=c(2,3)),

    SR_HAVV_VVH_npt=structure(.Data=c(0.667, 0.129, 0.292, 0.111, 0.042, 0.020), .Dim=c(2,3)),
    SR_HAVV_VVM_npt=structure(.Data=c(0.157, 0.093, 0.643, 0.151, 0.200, 0.076), .Dim=c(2,3)),
    SR_HAVV_VVL_npt=structure(.Data=c(0.088, 0.101, 0.245, 0.116, 0.667, 0.204), .Dim=c(2,3)),

    SR_SAVV_VVH_npt=structure(.Data=c(0.642, 0.146, 0.292, 0.111, 0.067, 0.068), .Dim=c(2,3)),
    SR_SAVV_VVM_npt=structure(.Data=c(0.157, 0.093, 0.643, 0.151, 0.200, 0.076), .Dim=c(2,3)),
    SR_SAVV_VVL_npt=structure(.Data=c(0.088, 0.101, 0.245, 0.116, 0.667, 0.204), .Dim=c(2,3)),

    SR_RAVV_VVH_npt=structure(.Data=c(0.589, 0.193, 0.297, 0.113, 0.114, 0.127), .Dim=c(2,3)),
    SR_RAVV_VVM_npt=structure(.Data=c(0.198, 0.142, 0.598, 0.197, 0.205, 0.094), .Dim=c(2,3)),
    SR_RAVV_VVL_npt=structure(.Data=c(0.136, 0.139, 0.251, 0.119, 0.614, 0.246), .Dim=c(2,3)),

    SR_VVSQTPG_VVH_npt=structure(.Data=c(0.792, 0.174, 0.192, 0.150, 0.017, 0.026), .Dim=c(2,3)),
    SR_VVSQTPG_VVM_npt=structure(.Data=c(0.207, 0.102, 0.636, 0.138, 0.157, 0.061), .Dim=c(2,3)),
    SR_VVSQTPG_VVL_npt=structure(.Data=c(0.080, 0.107, 0.212, 0.125, 0.708, 0.225), .Dim=c(2,3)),

    SR_VVSATPG_VVH_npt=structure(.Data=c(0.642, 0.146, 0.292, 0.111, 0.067, 0.068), .Dim=c(2,3)),
    SR_VVSATPG_VVM_npt=structure(.Data=c(0.214, 0.069, 0.643, 0.079, 0.143, 0.053), .Dim=c(2,3)),
    SR_VVSATPG_VVL_npt=structure(.Data=c(0.102, 0.101, 0.290, 0.099, 0.608, 0.188), .Dim=c(2,3)),